2.93564779574  2.47779828632
2.9934359538  0.228677653067
2.36887038615  0.487954085269
2.36348139633  1.20165666581
3.19426006685  0.200489779439
2.31358278963  3.52670680013
3.08585979917  2.7423404263
2.84819122738  3.29109539087
2.36155952996  3.11341229448
2.37172942268  2.48493198235
2.87157194681  3.29697815771
2.30367391191  1.86735266186
3.68399452075  2.56116515669
2.99567840734  0.886104347731
2.88397984755  3.10742678643
3.88422072702  2.34241903294
2.32405533895  3.94214397286
3.42134405883  0.0277110169224
3.37476661598  3.57163508026
3.96785051236  2.28718363293
2.85766898586  3.03719072164
3.96775114439  2.48636330661
2.53645888495  0.279421759656
2.29865452381  1.77077560875
2.29994041259  2.32392076565
2.15724545829  2.22622247415
2.93968765568  3.32148103385
2.82721300871  0.70161484041
3.94241736766  3.28699417006
2.60665758284  2.97096931335
2.26739016326  1.97584759867
3.88941133745  2.80353793106
3.77287169745  0.258193612537
3.2421519259  1.42581110147
3.71858138676  1.03882596038
3.78422326056  0.156624558539
2.93522587411  2.51385389113
3.52203227263  2.29917924571
2.46618760863  3.40426420501
2.8875020791  3.89186105612
2.74492200229  3.95816920112
3.55471285913  0.156112787598
3.17773572001  1.40805349429
2.20795204103  1.14865861133
3.5389933141  2.69607296885
2.46510579993  2.55822260118
2.62897232898  2.82871566363
3.03625836896  1.02457713533
2.64108384498  0.998709687032
2.05672960499  3.75505919108
3.37796210435  3.66126888005
2.17290454261  2.62609566274
3.01033215577  1.06082575861
2.9210128596  2.324057499
3.11053501049  1.38937881012
3.52915107606  3.42813098822
2.81430925371  1.30426326643
2.7291143229  3.40940177641
2.79882766189  2.15412101433
3.6872845942  0.784301903775
3.72769936744  3.82820414943
3.83598075681  2.60369734373
2.14398525547  2.76984123355
3.59534250876  0.0817348040843
3.10952487942  1.71389210398
2.81171713862  1.61253725669
3.02034954831  2.19700682899
2.46907414956  2.98579062516
3.74698446269  3.9558128723
3.27019200225  2.4334890483
2.37444022365  3.58670799459
2.49273081752  1.77826878911
2.96858161673  0.996601863148
3.86247867114  1.85845369382
2.66933825275  1.18867701271
3.00331539747  2.70901831698
3.77872422883  3.69711641529
2.78242943325  1.54534395193
2.22106604098  2.26395373977
3.74591345135  3.65402967047
3.36902580452  1.87933995932
3.01080004348  0.327497533102
2.0940843545  1.7258611564
3.40702136863  0.5295786404
2.29456314343  1.14941513118
2.14223801857  3.8802347534
3.91190370855  3.11083813921
3.61506234065  3.58315382148
2.4928000362  2.60586545204
3.90607853786  0.533116448302
2.19375268204  3.18838949426
3.93439958202  0.46507287446
2.92089451349  1.23669788782
3.27837736104  0.427026700757
3.33579679292  3.47251611952
3.81228698148  2.86094695527
2.21361195513  2.78820245834
3.47069268739  2.26500814564
2.63488256065  3.90236738196
2.49944011313  0.577022744859
3.46291188754  2.0306781482
3.65793891971  1.14992843698
3.19916078115  0.343869173706
2.83217757219  0.410533998209
3.34079966505  2.12794227159
3.83486507577  2.22016353763
2.58902183739  2.63866519993
2.0508724939  0.502898533568
3.64448898088  0.74719062461
3.18477043352  1.24511610529
2.29895817978  1.1370798187
3.3716364769  1.02426715597
2.25567092562  3.30121387157
3.64045967492  1.431133486
2.61700817178  3.6215941859
3.46639651655  1.48665320258
3.08514067169  3.56943738304
3.68858904811  2.61588295628
2.33202708825  1.41476442795
2.24455956078  2.39195201632
2.43988292254  2.50106013318
2.58531587786  2.59403064949
3.30500067889  0.0557878067929
3.39839208934  2.38837650876
2.41908602749  0.820906640077
2.72651521714  0.859094354063
3.41722972459  2.4855886837
3.63204412271  2.53122056928
2.50431010162  3.43725305013
2.27387881419  0.701444822596
3.04607937583  3.93951628552
2.71425821422  2.28056939275
3.92010734919  0.106487253341
2.53665163642  2.12895364529
3.30750981371  3.72474863762
3.596410485  2.25149898227
2.06299567939  2.69217962276
2.76298471508  3.17637486079
2.46238914839  1.2423773583
2.85036793828  3.32204026106
2.58578539061  2.58812717586
2.35326067372  0.768372475909
2.38010358388  3.46758941856
3.05305531373  0.92678519775
3.40973662935  3.86377414674
2.45219041238  3.41704436253
3.3166786954  1.28388236105
3.64688698834  1.97475804246
3.68119393855  1.0532369006
3.77767077873  3.42083954856
3.83093151701  1.41255812067
3.44069181853  0.144796877463
2.49869148414  2.06504626619
2.2770283575  0.0413685079318
3.75215185691  0.577704348507
2.84637605013  0.737423735329
3.27241538512  1.2757698745
2.566471242  3.71411377405
2.40637680086  3.8383172275
2.27152704124  1.33329551023
3.87441938178  0.982566006347
2.06405180369  0.492694087299
3.4024065657  2.34775800051
2.7424861023  3.45850111272
3.66909956723  0.0142467131651
3.13189437444  2.59554509748
3.91721314089  0.997124465782
3.2792250263  0.513933807885
2.46522902608  1.57696524054
2.68961760494  2.26219415626
2.901465263  2.88799593164
3.94733221615  3.85972603063
2.75986813534  2.13682058173
3.26229849509  1.54100868158
2.29837547061  2.06513295348
3.50332013487  3.55732975718
3.67606364943  1.70031207209
2.64990364872  2.36236929399
3.91504876255  3.34305454337
2.35550939115  1.23632955701
2.18642408733  0.227590643881
3.43068795641  3.25200011105
2.50026232926  2.09072219041
3.13969357213  3.39222635844
2.69809974907  3.76607515751
3.97109447956  3.45653279589
2.9794754602  0.142010600083
3.26716654894  0.312793390506
3.86757389455  2.66292520476
2.73401914684  0.042455754747
3.85665637722  3.30414043449
3.95202923456  3.94244051113
3.88078764346  0.560986316787
2.23180868914  1.33988842319
3.13836167295  1.16913720637
3.73120378083  2.68236171464
3.89868717361  2.49424033907
3.12995359073  3.56555027107
2.09338417291  2.98415785569
3.94673559981  2.96831284929
2.94253814101  3.05832677959
2.47416844174  0.775476763282
2.18282370606  2.38596303432
2.91125480038  0.583542347942
2.74465241498  1.94051530407
2.96766006156  3.6546433688
2.82292783227  3.5505265194
2.89453566699  2.87006359957
2.46127007643  3.20334605014
3.56978669727  1.02500294983
3.21705094144  2.82341724704
3.79348496145  1.93888969496
3.84077491427  2.38755220318
3.94570196956  3.99849866142
3.34414191612  2.33030442951
2.27871372688  3.37688056105
2.13466223933  3.20523105442
2.42474012132  3.1346478306
3.09585790828  1.4557578068
2.90434590151  3.85776806859
3.19455761154  3.1732908268
3.11355601185  0.766647150503
2.26764371709  2.49156523272
3.29050144046  3.37809711079
2.4483451769  3.46791447373
3.97681358522  0.620577643671
3.70029729301  1.08215378852
3.26296122266  3.68721186347
3.06344191675  2.58108847955
3.1420778492  1.84530920517
2.70444712565  1.10103116966
3.97117280824  0.152810316745
3.78372523187  1.43222658942
3.62866970218  1.44263244469
2.17510991934  3.50216366977
2.45463689233  2.38935453737
3.09434925811  1.04119226506
2.20948304614  2.24161075262
3.21392950367  3.54260634793
2.53944922158  2.97940975574
2.88761619844  3.66093525135
2.60757170982  1.38359445068
2.9628048026  3.75017863995
3.5414921358  2.48304529383
3.83954791806  2.66285456041
2.99030670315  3.12203007829
3.68841879579  3.46342988235
2.65770282102  3.44729260182
3.52686199935  0.768490442143
2.77967589702  3.25539783939
2.70920639456  0.166126188056
3.74472765448  2.50514484378
2.40070462167  3.1296343879
2.4990346137  0.0834431370337
3.18366307451  2.99276840379
3.82996728489  2.7262056814
3.74641260442  0.718722511172
3.45520815809  1.5794272925
2.78070273367  0.00718156105495
3.51932122802  1.17166900599
2.0809505247  0.653506792135
3.6144993017  1.06737666587
3.89346088479  3.91168125246
3.000699729  0.52656763105
3.81956898464  3.15036775657
3.81812698166  1.13288503238
3.95795043705  2.95974816352
2.27454994104  0.53546769852
3.32770904544  0.437136231177
2.94112810841  1.35342375329
2.64048614381  2.66969545057
2.6153568367  1.54343449318
3.06685645438  1.53816200234
2.28209986516  1.3179892924
2.74703202105  1.96538943561
2.1431544996  0.0454802413779
2.95906741793  1.71023909332
2.019674953  1.60605162009
2.62373639946  2.11686723473
3.44049739234  3.15913312595
3.54659286645  3.81896456824
3.85645122664  3.48437334364
2.31877049185  3.99654777188
2.42634952691  0.33239829649
2.15337497523  0.932012106901
2.21637827127  1.47240881651
3.25486590385  3.01621541155
2.53848984252  3.06739894889
2.99661495686  2.96593517485
2.97765215062  3.49591071435
3.10861828666  2.07608927861
2.67923455686  1.14221426663
2.23374632757  3.17899986801
2.76454138863  3.32872168154
2.26466034902  0.854832540956
2.8225791481  1.77783540328
2.86642822347  2.33705354956
3.79903852629  2.96254098817
2.57730718922  2.57636044414
2.54597433431  2.89151121194
2.32664221429  1.61645221612
2.5489258943  2.74441319156
3.71278399355  1.35117891003
3.42262175186  3.2853385648
2.39525773323  1.64069934118
3.20023124618  2.53356062171
2.05054497246  2.25045609518
3.41401752054  0.919468461657
2.05348998653  3.69814568972
3.40464207594  0.915204866018
3.94033454985  3.60217910092
3.86021565812  0.574207448514
3.51705789293  1.89040801875
3.21340045401  1.04756353743
3.10355628218  1.11622299473
2.88328735096  1.54349980064
2.07895965221  3.74629929015
2.74798373039  3.27416406873
2.29259771027  0.664793858909
2.9354096909  2.69179742914
3.21228928926  3.61297184513
2.64866355268  0.701159522004
2.8489709273  1.09613356359
3.60223944497  0.934020358319
2.97443950975  1.27563537066
3.24819313195  0.211729483795
3.45434303461  2.18696894213
3.13242979344  3.7819610695
3.35191050073  1.80805200586
3.49097010111  3.9039843405
3.84451677873  2.91331344419
2.69433403805  3.28375977857
3.77128625756  3.29796932391
6.78543082942  8.56552157725
6.41523024231  8.54216700027
6.17625281774  8.17564284041
7.31058806709  9.09645200454
7.41124588456  9.57960669513
6.78233155227  9.47834470505
6.77768793789  9.37496433111
6.99866549384  8.6280029401
6.77336757539  8.58112369911
7.44218524306  9.24533266556
7.51022829986  8.91220456146
7.75949520314  9.41557456379
6.59280963414  8.44084641151
7.61926019414  9.85237572503
6.69814498529  9.08802631355
7.67158622646  9.68466456375
6.14636138829  9.11820902334
7.0188224227  9.13819433844
6.59602880963  8.20138630989
6.24694328425  8.91895620838
7.1076991198  9.48857457866
6.19070580157  9.08408702499
6.45828870411  8.0994279888
6.22373468466  8.02720020997
7.18098592719  8.66035383155
7.60910045533  8.1125276864
6.42702604713  9.41643575585
7.77541224212  8.91119981612
7.26863879948  8.25006979524
7.24147212727  8.33363527083
6.16605247375  8.99645869169
7.80819209875  8.44283695097
6.28690279698  8.29605175207
7.55815305289  8.06019648164
7.63919198569  9.24640123287
6.75849676154  8.56720284291
6.96652094066  9.65371018269
6.12526202916  9.06554369808
6.62990092087  8.67874406852
6.6217787894  9.29824444117
6.98560762434  8.56601955623
7.92735691403  9.27116947218
7.95857549032  8.14916068719
6.1669482044  8.62000599475
7.69601695022  8.77143534209
7.13380592926  8.1835928526
6.24006525309  9.96550294951
7.88382093256  9.84501274892
7.85637635854  9.07358383335
7.14053519561  8.20715674674
6.33176210924  9.10330551708
6.11052348913  9.45686461518
6.37332918827  8.40112381742
6.37344769408  9.21781938064
6.85110089646  9.50835564551
6.87297241256  8.06718780378
6.96713305908  8.41389562519
7.2098096118  8.96284424393
7.93756281164  8.14995679906
7.01509873709  8.83402236734
7.86621335801  8.33209316303
6.42772522424  9.49470961269
6.810087221  8.58787409259
7.71414160219  8.29643137981
6.61375110005  8.49443924487
6.56356722942  8.16914454454
7.29744114992  8.08676364174
7.15782710429  9.68651836736
7.14790069677  8.73528890649
6.80416098423  9.89373315284
7.41232906531  8.2911110087
7.02619872  9.25605451493
7.16227687149  9.44606365468
6.82507278437  9.37893105215
7.30945526335  9.52955330473
7.45364639948  9.20961933248
6.17207776754  8.66761577013
7.02261356489  8.93118741551
6.26227654025  8.82766842583
7.03143145193  8.75129339861
7.43216099299  9.02425390796
7.4234737122  9.75975650385
6.8205894145  9.72577764039
6.79585085814  8.57004384869
6.54728226353  9.1366193193
7.43078593508  8.39056044898
6.96212606789  9.42145879468
7.46604482708  9.7587548372
6.51305937877  8.85601116097
7.07630199978  8.62688013266
6.57222331092  8.80939986423
7.46827015497  9.45966004896
6.66972044313  8.90821959148
6.59575341367  9.01916834311
7.22316656087  8.82649443151
6.74870394095  9.13288181582
7.12240354912  8.43792601275
7.13057690914  9.5209564118
6.70078972103  9.56825689006
7.32785091973  9.63741365231
7.47442189526  9.74397314589
6.85768376324  9.32763349406
6.03140605667  9.88105163772
7.49129555136  8.53558506271
7.69324855035  9.86941505406
6.63030845714  8.52306438752
7.52070555285  9.27339142963
7.75515577136  9.58363841833
6.98155232894  9.39520341781
7.38896862309  9.52967477655
6.52840151851  8.73643596709
6.37915624622  9.38423484044
7.95603567179  8.10894541855
7.20086308891  8.38305537879
7.11558062084  8.1377034952
7.73738819377  8.54968737884
7.32735369949  8.46202335915
6.15155591876  9.26153862781
7.38199019971  8.00885573192
6.2366229099  9.71230337374
7.51153108851  8.96605796278
6.51401857195  9.85065183641
7.34240703191  8.32628465225
6.04789391241  9.67858746828
7.03950535434  9.76301659839
6.01523469765  9.25257903182
7.11108648956  9.64840645069
6.03346437339  8.55461824449
6.97958391416  8.41422304296
7.9616654816  8.1498109678
7.70532107115  8.99438933988
6.14521922669  8.84621431769
6.91666982413  8.87212808704
7.6607353778  9.78541801404
7.11012141067  9.61116253222
7.19651868757  8.9253004657
7.33815470779  9.03037066819
7.03254982337  9.82622853569
7.94981280061  8.84481307304
6.31518662578  8.93675130411
6.82003548837  8.53483620777
7.98046728209  8.3891386229
6.44874171297  8.42629061686
6.05894804549  9.28038498202
6.7970026309  8.56320680469
7.91710474604  8.59858216856
6.55624419537  8.69307119271
6.4578230767  9.42944579743
7.91751574632  8.15924749556
7.49039016979  9.51356124197
6.76948802333  8.30157066395
7.90403295226  8.11562877355
7.34597923942  8.87339461769
7.28054887281  9.79959068357
7.32141731781  8.19645054184
6.98694600656  9.92399061758
7.99551558082  8.09920628114
7.91516450042  9.21199991106
7.84899434032  9.61217268447
6.36944131105  8.46131961545
7.87080022447  9.47343072336
7.51330515305  8.94878672854
6.12850464138  8.51650669896
6.52179768981  9.86629232688
6.82009939687  9.06789661608
7.34925643823  8.60037717358
7.49838416316  9.56790636026
7.3949537635  9.26858273749
6.84111325478  9.64122306893
6.83362045762  8.53354034812
7.71550238038  9.46488024825
7.31450934926  9.3835195127
7.37234767436  8.26212327864
7.05928173839  8.02439578571
7.67688113206  8.22359296452
6.7401171264  8.88567785774
6.1068208394  8.00663815602
6.26769883888  9.52178717462
6.67034848762  8.61510396756
6.61122031963  9.082813919
6.5614014331  8.83206035651
7.0771600343  9.5908439311
7.77910549685  9.73037544432
6.42081875367  9.42180301236
7.77509167895  8.63018649784
7.04360200134  9.78963244543
6.82136529139  9.80627887785
6.34662849748  9.32130007897
7.18573984521  9.26784847935
6.74835487041  9.80544950891
6.99765350375  8.97116423134
6.70744638713  9.0139424698
7.487783852  9.57741009656
6.86705886392  9.65575970954
6.2075121797  8.85069124523
6.55730983392  9.26797043193
6.53213479247  8.04589686294
6.47067134018  9.8353064712
6.02358750657  9.08883624634
6.31277167501  8.22867205394
7.29323960421  9.90262151877
6.96433099704  9.36243478171
7.56727783584  9.93592934934
7.60952621009  8.18989138034
7.01022924232  9.43683053524
6.8649913088  9.88705169162
7.60456755102  8.06739164321
7.37709497723  9.86196515899
7.04718285543  9.18192022042
6.05004778043  9.3296958886
6.24163215338  8.91636968839
6.25335521099  8.49886716465
6.8609727041  9.06160744001
6.80789072574  9.53609148935
6.16054351997  9.78404520063
7.31244170482  9.24863360049
6.52668376366  9.41987789522
6.75172475258  9.43463605015
6.69885006261  8.5153347866
6.52743331195  9.99596764687
6.10865428911  8.88933913367
7.89340430848  8.62856973536
6.97496633491  9.14715528299
6.08625346008  9.1126974106
6.75187112283  9.84240760502
6.37732219063  9.03159569052
7.61687719623  8.97546670773
7.99442065931  9.43572344426
6.12269043986  9.27910251078
7.82819212815  9.42664913553
6.14660084794  9.72880083939
6.08533836917  9.44373511065
7.69793023688  8.13957961947
6.59528615622  9.58751952955
6.35641689474  8.56638370602
7.37079111277  8.89147251581
7.06089120526  9.03370822806
6.90796452047  8.59541087333
7.0945707368  8.15804573787
7.65761655817  9.06001920608
6.38273342124  9.53405850218
7.36192801764  9.6753238484
7.69374830971  9.99462622922
7.22348124777  9.78563319338
7.77215181872  8.54019171966
7.9237239841  8.60802159208
7.48320791932  8.18591600542
6.0789078417  9.04853267643
7.76787729505  8.52531248934
7.38699358264  8.84681936193
7.58915067429  8.61870648567
7.69725264422  8.44763921922
6.84309221697  9.89273866415
6.30844304804  8.57016094312
6.31292917594  8.41070534838
7.92338687719  9.71340263096
6.42588988135  9.55218771542
6.59665347685  9.22278006347
6.25995616625  9.33185601488
7.05233381181  8.71276958567
7.85630899901  8.24320709909
6.67232248559  8.93407843007
7.42036555  9.53691808648
7.10727766167  9.54095859587
6.04487264938  8.10739745685
6.09201262791  8.61920001859
7.30352398683  9.68651896603
7.12816205952  9.48607215703
6.75194571274  9.167465224
6.34350014324  8.82072880171
7.2371899487  9.76310156964
6.77813867203  8.66152603798
7.65043153641  9.55901285898
6.92108663406  8.52204361764
6.22762477921  9.82185356879
7.16916578753  8.24770906378
7.56510395524  8.33662709722
7.19292348004  9.95205337246
7.52008610342  8.8359610213
6.65887784237  9.03982888837
7.01319673119  8.30511608289
6.7048248586  9.23413603614
6.74630112144  9.39135265425
7.19437361009  9.48120383045
6.01106045048  8.23095687574
6.50470004767  9.86304393676
6.09418378542  9.55461590498
7.10432564178  8.09800545625
7.07334535208  8.98382865293
6.99863356287  8.96357462535
6.81429289739  9.09840803785
6.96303113935  9.17222507882
6.61611069277  8.29218018983
7.98903643147  8.79133530728
7.189001057  8.02321651102
7.36897395833  8.16770826127
6.05894164759  9.97650743901
7.33473546099  8.62377068838
6.12768232203  8.10468066332
7.42221317304  8.84322898099
7.68457060062  9.42545199223
6.63671869341  9.70880210066
6.06242394006  9.59752584802
7.84279627608  8.73809759229
6.85084365049  8.63224624412
6.48119072701  8.77926231676
7.39777803574  8.23753470089
7.8147701101  9.11186046587
7.39286035837  9.8737109182
6.7142260721  8.97291668854
7.16664190128  8.13452242491
7.9700357033  8.21725644303
7.27286213261  9.68092430119
7.20415195158  9.37177757449
7.9248364075  9.17001660564
7.44079245277  9.05843158809
6.12645818528  9.86197329525
7.49309282989  9.16753040255
6.77595534013  9.20029244523
7.60920364797  8.52567123406
7.18713318403  8.36040184331
7.04517637846  9.37641336913
6.94632772234  9.99806990482
6.7847023381  8.78599901979
6.70740421218  8.05384324641
6.28174078644  9.87294869042
7.24017400401  8.38411996452
7.11376017983  9.50016581131
6.6391870446  9.8369948259
6.39685090872  9.22832825296
7.27233328908  8.21909857937
6.74902619955  8.386793396
6.75239722704  8.35922888799
8.19323775326  1.85674853418
7.63265415448  0.298060661475
7.08537262259  1.71178224048
8.93730849763  1.81860076368
8.07835420962  2.79609166138
7.58222403285  1.77502623759
8.80744418007  2.81645773353
7.73638196493  0.0345576080677
8.86762217995  1.20129856357
8.39001043444  1.09552646961
7.03626238863  2.34699585666
7.48015228311  0.641461399715
7.91964166052  1.91473790489
8.11530454781  0.273709441134
7.38121753999  1.66131634724
8.38203734518  1.88006477235
7.43036605738  1.32624891998
8.89226129169  1.87251687792
8.67046144869  1.29790186061
8.32355339337  1.75420269494
7.99444290653  1.13098896759
8.35752095095  2.05026705945
7.19650167654  0.302262070884
7.63890896407  1.21345489519
8.94191168695  2.266896993
7.93739801338  0.762038101463
8.62583947255  2.72465318612
7.71159683707  2.96331325832
8.36529652645  0.885244320375
7.69538688601  1.05607577166
7.87891822447  1.89737779058
7.50752322341  1.39878590813
7.88160060418  2.52024918875
7.09148653639  0.974645521555
8.14078773716  2.91778261645
8.80476887544  0.952967918487
7.80429585607  2.22693804442
7.91146292307  2.45686947495
7.21543567163  2.25433028192
7.9295618661  1.07359522231
7.01917236121  0.200436742233
7.43428459385  0.60570504707
8.43850862368  2.30169398315
8.48686484098  2.66926550256
7.25163669746  2.52700381255
7.73988120496  2.74564487369
7.04973757719  0.0669570850233
7.33421676538  2.15570935767
7.47375694663  2.7685544668
8.48665774069  0.425370937331
8.65830274685  0.0779956852269
8.85165036872  1.1881701256
8.01642577125  0.672532745685
8.68588009821  2.10295516716
7.81035268759  2.34217208031
8.41731943939  0.0179923685669
7.47487459237  1.79210342827
7.14733225622  2.58521057048
7.72175867794  2.85254260808
8.52784767452  0.564206308211
7.73607862294  2.72742351821
8.56187084856  1.11237705331
8.11096774999  1.27199943979
7.87221889606  2.54402186578
7.85577553675  0.336930893178
7.89388679946  1.04282227291
8.67238770908  0.793765798997
8.86809866619  0.568561553376
8.60558184273  2.28915099909
8.66633242678  0.511469259275
7.75833813151  1.47777069686
7.48243547241  1.53318892846
8.1748088772  1.73041505939
8.09224614128  1.20145794344
7.42132435613  2.035771794
8.45573025755  2.6456676707
8.78115080985  1.53143832663
8.43387830614  0.601739365712
7.64281793237  0.0709322993004
7.71226535437  0.784870992748
7.04336127406  0.217275382323
8.54325514752  1.35802861732
8.46858982515  0.656273506947
7.3217237757  1.76324172574
8.17233090276  1.33687316133
8.64816345073  2.2094751049
8.19462792803  1.88652513122
7.54403865196  2.71314436302
7.87066250509  1.55912221363
8.63878360021  1.35854080583
8.88318214701  1.02416463644
7.18642936619  1.56996135234
8.42779065478  2.13604703154
7.91020687115  1.50526861698
7.40850103761  2.39710102604
8.84318954232  0.468786616251
8.38387197658  0.00223242098969
7.7167665463  0.937853956472
7.4515037963  0.947305538576
7.60218744216  2.93972179224
8.27518493279  1.19278333092
8.89586373792  2.36387415664
7.0769150804  0.988055680838
7.68275025045  2.66278109249
7.4268105524  0.218050762076
8.57125259209  2.11598139557
7.80284262947  2.10336790972
7.29674554373  0.832403404614
8.97934388955  2.80969618769
8.25104155876  1.64613374335
8.3974519126  1.15744149725
8.10214938808  2.65415362316
7.46405189754  2.35513275919
8.19779791605  2.38558908456
8.05346142328  1.81023922673
8.62847415787  1.40275091469
7.12624892704  0.584694378463
7.70285612381  2.30429160128
8.9376760211  2.94083413779
7.1889520347  2.04044369467
8.59248028135  1.19451569513
7.97166528857  2.35176168097
8.35567807539  2.33306595689
7.96939008306  1.26127949282
8.31745553543  1.87832133774
8.88167426254  0.205670276098
7.85849493869  2.12578686202
8.27043876609  0.147111016482
8.56855375716  0.497063708288
7.92454994942  2.12458494459
7.51781347913  2.5762397953
7.91038954442  1.44833477281
8.30884825682  1.9324709791
8.464115713  1.58826035586
8.70043569158  0.7291301491
8.10905200647  0.128469889791
8.19185811735  0.276636297114
7.98631046375  2.90172839842
7.77971131491  0.833802371068
7.70999070123  0.0579100550874
8.82998030658  1.63023797336
7.5700087968  0.117779118204
7.9317636545  0.465041276802
7.25003025964  1.73370443122
7.87813518743  1.05719541606
7.58630780238  2.3782008251
7.00153320412  0.114759549584
8.34236020397  0.714074381007
7.23397267097  0.902304992938
8.53058202257  2.14927890397
7.02653654545  0.0695826744989
8.23270804721  2.42693521757
7.73057291152  1.67748991529
7.42591532633  1.4375007085
7.0996081473  0.94142116478
8.83452758548  2.46121147555
7.34371555229  1.93982647194
7.5864683574  2.79207328507
8.30772706824  2.26371269507
8.77877527829  1.35453841
7.2870417821  0.169646025639
8.00160522036  1.17096466098
7.03864004986  2.51284086645
7.03831271201  2.20979521459
7.90586798049  0.0851832040622
7.42857205067  1.07646661968
7.84630452955  2.93349799253
8.31411612154  0.636892857975
8.83480645748  2.60309308383
7.29770715144  2.16509193126
8.43422363376  0.0631675375882
8.32962774991  0.341088870786
7.81906033463  2.35446921828
8.14315594166  1.33317516588
7.52238123139  0.544587009617
8.32665233745  2.01731025172
8.33458458477  1.98114840517
7.31319542977  1.44851074961
7.19836737066  0.126358410459
7.26912876714  1.86408719121
7.84424926732  1.67242647208
7.01848187537  1.76884793865
7.57066921047  0.272701486582
7.44784392149  0.768181469867
8.58530396648  0.534837226544
8.40795462616  2.22869443359
7.07657423892  1.60606282261
8.94030249016  2.94844109308
7.63459669729  2.57925624417
7.33693315713  0.513824430892
8.92078266506  0.689116140963
8.87414252671  1.46047166019
8.1576168106  2.59935392319
8.1429229087  0.297745912467
8.32963638521  0.115590057458
7.23064130195  1.75466195989
7.35536260825  0.495646239815
7.95921975971  0.69693341054
7.13291232598  1.46668474989
8.54520724869  2.05908071534
8.26056400604  0.466873026306
8.44009982078  1.14033848303
8.7764414206  2.38980059556
7.87890222572  2.50885897538
8.98527539361  1.49339874538
7.89957106374  0.519075713227
8.21823922918  2.21041737457
7.03445718754  2.13838022129
8.11378436958  1.43729378878
7.61259714593  1.21448367133
7.13315858616  2.54235282103
8.67319269943  1.20659396792
8.07425600821  2.90819697426
7.90647230121  2.38441444495
7.42934509119  1.39213119147
8.81609062478  1.78628102372
8.63168380156  1.43109060166
8.77609780264  2.9938297665
8.92475554622  0.479410494186
7.91076591741  1.37102060801
7.46421489228  1.60433663609
8.0008847197  2.76119099175
7.61302768973  2.89987820427
7.25323419518  0.0649301346548
8.44189910673  1.89521336507
8.06141198728  2.00443292971
8.33584387187  2.4097367628
8.04708790704  1.99792450201
7.57858635347  1.42134267392
7.36469050518  2.68263132385
8.12592746877  0.588142582371
7.15890301278  0.356906833357
7.00903125997  0.146462100109
7.12120676787  2.11468777651
8.37520180953  2.96502810277
7.16375652607  2.61329804862
8.64707955879  1.17171437423
8.30794465588  1.36482902105
7.08946773177  2.7956698656
8.48514629176  2.10876389498
8.39427738806  0.868627506722
7.26146950763  0.231291765983
8.08344254983  0.309388660382
7.78553739828  2.89181079158
8.32124995381  0.85171960268
8.9488223101  2.43690410163
8.57621268726  1.23123550263
7.91941186962  0.131364945964
8.66367657287  1.43820271277
7.96107352513  1.1251359252
8.01417449348  1.81573284291
8.98359966027  1.48001272624
7.41715975353  0.966459082505
8.35721400595  1.18836519486
8.39664120772  2.3625153926
7.07773679096  0.454336702375
7.21028433634  1.25777192166
8.79331047019  2.17172377026
8.04297363917  2.67180894379
8.57836312202  1.21572224161
8.41462744153  0.302934580453
7.36316883689  2.28708480005
7.04666083462  1.59616964622
8.18112363715  1.6107765568
8.94406625385  0.786415216928
7.5176742977  0.0245978100889
8.30735141217  0.144801359376
7.78329303755  0.383077385107
7.38092669035  0.738740845065
8.01773195029  1.99091143191
8.88518996633  0.0177986355549
7.88791355524  0.236869898508
7.01932361786  0.0633784649634
8.4145602115  1.90343133873
8.27553598776  1.72928541499
7.89638066964  0.441643061348
7.8790998084  1.40198448147
7.92501324342  1.25351470629
8.56869782035  2.42297784714
7.22671626351  1.06005950391
7.21278507652  2.95743060836
7.61036735827  0.603362688058
7.78198021282  2.8960415194
8.43451530616  0.187622912693
8.56770027338  1.02372330297
8.13798973664  1.36623658313
7.00572470202  1.09129991823
7.02796312626  0.904144697531
8.09491349675  0.731285228302
7.34899866152  1.74014142617
7.58892478477  0.432874522161
8.31436619771  1.74419673691
7.3745982894  0.513821465574
7.50590319481  2.80378203932
8.66040342297  2.77779478112
7.24570358459  2.1012827404
7.3709451321  2.70971556128
8.70887959844  1.12758995095
8.99042519263  1.71030384984
8.45393172659  1.3882201514
7.5148639186  1.46686744671
7.4985177217  1.02114399867
8.9146815992  2.476764823
7.39754391621  0.352971558579
7.70891652293  2.18438581092
8.7676612747  0.91340143295
8.00356334156  0.173962238328
7.34146611157  0.0599773088075
8.31418850544  2.97158103606
7.19077303463  2.76499267156
7.15367465085  0.256353109402
7.78410944912  1.58534966485
7.10857235463  0.0367023400496
8.50989077885  0.838741581463
8.82540898378  2.87649786668
8.32473292302  2.08488675654
7.07304182325  0.555260577285
7.03592597351  1.09717704149
7.06189106423  2.33851635416
8.91673684315  1.7897347226
8.5243817856  1.01199870157
8.45551074303  0.826355608405
7.58641398315  0.438533579901
7.32935198909  2.76453096614
7.58821673541  1.84091885396
7.91399836149  2.63977710198
7.4049961638  1.64550061266
8.4542514527  1.89734869734
7.35559391047  2.13126789343
7.29576836391  0.0201768357289
7.11463030371  1.28702698567
7.33472704048  1.69514581501
8.44918588134  2.34117859921
7.59560598096  0.62679341319
